(12, 2, K26)  6.0000
Prob: 0.0045
(15, 2, K29)  7.5000
Prob: 0.0086
(17, 2, I30)  8.5000
Prob: 0.0160
(27, 3, K27)  9.0000
Prob: 0.0291
(30, 3, K30)  10.0000
Prob: 0.0514
(21, 2, G29)  10.5000
Prob: 0.0884
(35, 3, H30)  11.6667
Prob: 0.1477
(24, 2, G26)  12.0000
Prob: 0.2402
(100, 8, I28)  12.5000
Prob: 0.3799
(90, 7, I29)  12.8571
Prob: 0.5843
(52, 4, K28)  13.0000
Prob: 0.8741
(41, 3, G28)  13.6667
Prob: 1.2718
(55, 4, J30)  13.7500
Prob: 1.7997
(60, 4, G30)  15.0000
Prob: 2.4770
(77, 5, J26)  15.4000
Prob: 3.3159
(47, 3, H26)  15.6667
Prob: 4.3173
(79, 5, J29)  15.8000
Prob: 5.4670
(80, 5, H29)  16.0000
Prob: 6.7333
(82, 5, H27)  16.4000
Prob: 8.0657
(83, 5, J27)  16.6000
Prob: 9.3971
(85, 5, J28)  17.0000
Prob: 10.6483
(87, 5, H28)  17.4000
Prob: 11.7355
(70, 4, G27)  17.5000
Prob: 12.5794
(89, 5, I27)  17.8000
Prob: 13.1147
(73, 4, I26)  18.2500
Prob: 13.2981
Sum prob: 98.000000
76250.000000 (12, 2, K26) (15, 2, K29) 
83750.000000 (12, 2, K26) (17, 2, I30) 
87500.000000 (12, 2, K26) (27, 3, K27) 
95000.000000 (12, 2, K26) (30, 3, K30) 
98750.000000 (12, 2, K26) (21, 2, G29) 
107500.000000 (12, 2, K26) (35, 3, H30) 
110000.000000 (12, 2, K26) (24, 2, G26) 
113750.000000 (12, 2, K26) (100, 8, I28) 
116428.571429 (12, 2, K26) (90, 7, I29) 
117500.000000 (12, 2, K26) (52, 4, K28) 
96875.000000 (12, 2, K26) (41, 3, G28) 
102500.000000 (12, 2, K26) (55, 4, J30) 
95000.000000 (12, 2, K26) (60, 4, G30) 
92187.500000 (12, 2, K26) (77, 5, J26) 
70357.142857 (12, 2, K26) (47, 3, H26) 
79250.000000 (12, 2, K26) (79, 5, J29) 
74545.454545 (12, 2, K26) (80, 5, H29) 
67307.692308 (12, 2, K26) (82, 5, H27) 
64464.285714 (12, 2, K26) (83, 5, J27) 
62500.000000 (12, 2, K26) (85, 5, J28) 
60781.250000 (12, 2, K26) (87, 5, H28) 
52812.500000 (12, 2, K26) (70, 4, G27) 
57083.333333 (12, 2, K26) (89, 5, I27) 
52205.882353 (12, 2, K26) (73, 4, I26) 
95000.000000 (15, 2, K29) (17, 2, I30) 
98750.000000 (15, 2, K29) (27, 3, K27) 
106250.000000 (15, 2, K29) (30, 3, K30) 
110000.000000 (15, 2, K29) (21, 2, G29) 
118750.000000 (15, 2, K29) (35, 3, H30) 
121250.000000 (15, 2, K29) (24, 2, G26) 
125000.000000 (15, 2, K29) (100, 8, I28) 
127678.571429 (15, 2, K29) (90, 7, I29) 
128750.000000 (15, 2, K29) (52, 4, K28) 
108125.000000 (15, 2, K29) (41, 3, G28) 
113750.000000 (15, 2, K29) (55, 4, J30) 
106250.000000 (15, 2, K29) (60, 4, G30) 
103437.500000 (15, 2, K29) (77, 5, J26) 
81607.142857 (15, 2, K29) (47, 3, H26) 
90500.000000 (15, 2, K29) (79, 5, J29) 
85795.454545 (15, 2, K29) (80, 5, H29) 
78557.692308 (15, 2, K29) (82, 5, H27) 
75714.285714 (15, 2, K29) (83, 5, J27) 
73750.000000 (15, 2, K29) (85, 5, J28) 
72031.250000 (15, 2, K29) (87, 5, H28) 
64062.500000 (15, 2, K29) (70, 4, G27) 
68333.333333 (15, 2, K29) (89, 5, I27) 
63455.882353 (15, 2, K29) (73, 4, I26) 
106250.000000 (17, 2, I30) (27, 3, K27) 
113750.000000 (17, 2, I30) (30, 3, K30) 
117500.000000 (17, 2, I30) (21, 2, G29) 
126250.000000 (17, 2, I30) (35, 3, H30) 
128750.000000 (17, 2, I30) (24, 2, G26) 
132500.000000 (17, 2, I30) (100, 8, I28) 
135178.571429 (17, 2, I30) (90, 7, I29) 
136250.000000 (17, 2, I30) (52, 4, K28) 
115625.000000 (17, 2, I30) (41, 3, G28) 
121250.000000 (17, 2, I30) (55, 4, J30) 
113750.000000 (17, 2, I30) (60, 4, G30) 
110937.500000 (17, 2, I30) (77, 5, J26) 
89107.142857 (17, 2, I30) (47, 3, H26) 
98000.000000 (17, 2, I30) (79, 5, J29) 
93295.454545 (17, 2, I30) (80, 5, H29) 
86057.692308 (17, 2, I30) (82, 5, H27) 
83214.285714 (17, 2, I30) (83, 5, J27) 
81250.000000 (17, 2, I30) (85, 5, J28) 
79531.250000 (17, 2, I30) (87, 5, H28) 
71562.500000 (17, 2, I30) (70, 4, G27) 
75833.333333 (17, 2, I30) (89, 5, I27) 
70955.882353 (17, 2, I30) (73, 4, I26) 
117500.000000 (27, 3, K27) (30, 3, K30) 
121250.000000 (27, 3, K27) (21, 2, G29) 
130000.000000 (27, 3, K27) (35, 3, H30) 
132500.000000 (27, 3, K27) (24, 2, G26) 
136250.000000 (27, 3, K27) (100, 8, I28) 
138928.571429 (27, 3, K27) (90, 7, I29) 
140000.000000 (27, 3, K27) (52, 4, K28) 
119375.000000 (27, 3, K27) (41, 3, G28) 
125000.000000 (27, 3, K27) (55, 4, J30) 
117500.000000 (27, 3, K27) (60, 4, G30) 
114687.500000 (27, 3, K27) (77, 5, J26) 
92857.142857 (27, 3, K27) (47, 3, H26) 
101750.000000 (27, 3, K27) (79, 5, J29) 
97045.454545 (27, 3, K27) (80, 5, H29) 
89807.692308 (27, 3, K27) (82, 5, H27) 
86964.285714 (27, 3, K27) (83, 5, J27) 
85000.000000 (27, 3, K27) (85, 5, J28) 
83281.250000 (27, 3, K27) (87, 5, H28) 
75312.500000 (27, 3, K27) (70, 4, G27) 
79583.333333 (27, 3, K27) (89, 5, I27) 
74705.882353 (27, 3, K27) (73, 4, I26) 
128750.000000 (30, 3, K30) (21, 2, G29) 
137500.000000 (30, 3, K30) (35, 3, H30) 
140000.000000 (30, 3, K30) (24, 2, G26) 
143750.000000 (30, 3, K30) (100, 8, I28) 
146428.571429 (30, 3, K30) (90, 7, I29) 
147500.000000 (30, 3, K30) (52, 4, K28) 
126875.000000 (30, 3, K30) (41, 3, G28) 
132500.000000 (30, 3, K30) (55, 4, J30) 
125000.000000 (30, 3, K30) (60, 4, G30) 
122187.500000 (30, 3, K30) (77, 5, J26) 
100357.142857 (30, 3, K30) (47, 3, H26) 
109250.000000 (30, 3, K30) (79, 5, J29) 
104545.454545 (30, 3, K30) (80, 5, H29) 
97307.692308 (30, 3, K30) (82, 5, H27) 
94464.285714 (30, 3, K30) (83, 5, J27) 
92500.000000 (30, 3, K30) (85, 5, J28) 
90781.250000 (30, 3, K30) (87, 5, H28) 
82812.500000 (30, 3, K30) (70, 4, G27) 
87083.333333 (30, 3, K30) (89, 5, I27) 
82205.882353 (30, 3, K30) (73, 4, I26) 
141250.000000 (21, 2, G29) (35, 3, H30) 
143750.000000 (21, 2, G29) (24, 2, G26) 
147500.000000 (21, 2, G29) (100, 8, I28) 
150178.571429 (21, 2, G29) (90, 7, I29) 
151250.000000 (21, 2, G29) (52, 4, K28) 
130625.000000 (21, 2, G29) (41, 3, G28) 
136250.000000 (21, 2, G29) (55, 4, J30) 
128750.000000 (21, 2, G29) (60, 4, G30) 
125937.500000 (21, 2, G29) (77, 5, J26) 
104107.142857 (21, 2, G29) (47, 3, H26) 
113000.000000 (21, 2, G29) (79, 5, J29) 
108295.454545 (21, 2, G29) (80, 5, H29) 
101057.692308 (21, 2, G29) (82, 5, H27) 
98214.285714 (21, 2, G29) (83, 5, J27) 
96250.000000 (21, 2, G29) (85, 5, J28) 
94531.250000 (21, 2, G29) (87, 5, H28) 
86562.500000 (21, 2, G29) (70, 4, G27) 
90833.333333 (21, 2, G29) (89, 5, I27) 
85955.882353 (21, 2, G29) (73, 4, I26) 
152500.000000 (35, 3, H30) (24, 2, G26) 
156250.000000 (35, 3, H30) (100, 8, I28) 
158928.571429 (35, 3, H30) (90, 7, I29) 
160000.000000 (35, 3, H30) (52, 4, K28) 
139375.000000 (35, 3, H30) (41, 3, G28) 
145000.000000 (35, 3, H30) (55, 4, J30) 
137500.000000 (35, 3, H30) (60, 4, G30) 
134687.500000 (35, 3, H30) (77, 5, J26) 
112857.142857 (35, 3, H30) (47, 3, H26) 
121750.000000 (35, 3, H30) (79, 5, J29) 
117045.454545 (35, 3, H30) (80, 5, H29) 
109807.692308 (35, 3, H30) (82, 5, H27) 
106964.285714 (35, 3, H30) (83, 5, J27) 
105000.000000 (35, 3, H30) (85, 5, J28) 
103281.250000 (35, 3, H30) (87, 5, H28) 
95312.500000 (35, 3, H30) (70, 4, G27) 
99583.333333 (35, 3, H30) (89, 5, I27) 
94705.882353 (35, 3, H30) (73, 4, I26) 
158750.000000 (24, 2, G26) (100, 8, I28) 
161428.571429 (24, 2, G26) (90, 7, I29) 
162500.000000 (24, 2, G26) (52, 4, K28) 
141875.000000 (24, 2, G26) (41, 3, G28) 
147500.000000 (24, 2, G26) (55, 4, J30) 
140000.000000 (24, 2, G26) (60, 4, G30) 
137187.500000 (24, 2, G26) (77, 5, J26) 
115357.142857 (24, 2, G26) (47, 3, H26) 
124250.000000 (24, 2, G26) (79, 5, J29) 
119545.454545 (24, 2, G26) (80, 5, H29) 
112307.692308 (24, 2, G26) (82, 5, H27) 
109464.285714 (24, 2, G26) (83, 5, J27) 
107500.000000 (24, 2, G26) (85, 5, J28) 
105781.250000 (24, 2, G26) (87, 5, H28) 
97812.500000 (24, 2, G26) (70, 4, G27) 
102083.333333 (24, 2, G26) (89, 5, I27) 
97205.882353 (24, 2, G26) (73, 4, I26) 
165178.571429 (100, 8, I28) (90, 7, I29) 
166250.000000 (100, 8, I28) (52, 4, K28) 
145625.000000 (100, 8, I28) (41, 3, G28) 
151250.000000 (100, 8, I28) (55, 4, J30) 
143750.000000 (100, 8, I28) (60, 4, G30) 
140937.500000 (100, 8, I28) (77, 5, J26) 
119107.142857 (100, 8, I28) (47, 3, H26) 
128000.000000 (100, 8, I28) (79, 5, J29) 
123295.454545 (100, 8, I28) (80, 5, H29) 
116057.692308 (100, 8, I28) (82, 5, H27) 
113214.285714 (100, 8, I28) (83, 5, J27) 
111250.000000 (100, 8, I28) (85, 5, J28) 
109531.250000 (100, 8, I28) (87, 5, H28) 
101562.500000 (100, 8, I28) (70, 4, G27) 
105833.333333 (100, 8, I28) (89, 5, I27) 
100955.882353 (100, 8, I28) (73, 4, I26) 
168928.571429 (90, 7, I29) (52, 4, K28) 
148303.571429 (90, 7, I29) (41, 3, G28) 
153928.571429 (90, 7, I29) (55, 4, J30) 
146428.571429 (90, 7, I29) (60, 4, G30) 
143616.071429 (90, 7, I29) (77, 5, J26) 
121785.714286 (90, 7, I29) (47, 3, H26) 
130678.571429 (90, 7, I29) (79, 5, J29) 
125974.025974 (90, 7, I29) (80, 5, H29) 
118736.263736 (90, 7, I29) (82, 5, H27) 
115892.857143 (90, 7, I29) (83, 5, J27) 
113928.571429 (90, 7, I29) (85, 5, J28) 
112209.821429 (90, 7, I29) (87, 5, H28) 
104241.071429 (90, 7, I29) (70, 4, G27) 
108511.904762 (90, 7, I29) (89, 5, I27) 
103634.453782 (90, 7, I29) (73, 4, I26) 
149375.000000 (52, 4, K28) (41, 3, G28) 
155000.000000 (52, 4, K28) (55, 4, J30) 
147500.000000 (52, 4, K28) (60, 4, G30) 
144687.500000 (52, 4, K28) (77, 5, J26) 
122857.142857 (52, 4, K28) (47, 3, H26) 
131750.000000 (52, 4, K28) (79, 5, J29) 
127045.454545 (52, 4, K28) (80, 5, H29) 
119807.692308 (52, 4, K28) (82, 5, H27) 
116964.285714 (52, 4, K28) (83, 5, J27) 
115000.000000 (52, 4, K28) (85, 5, J28) 
113281.250000 (52, 4, K28) (87, 5, H28) 
105312.500000 (52, 4, K28) (70, 4, G27) 
109583.333333 (52, 4, K28) (89, 5, I27) 
104705.882353 (52, 4, K28) (73, 4, I26) 
134375.000000 (41, 3, G28) (55, 4, J30) 
126875.000000 (41, 3, G28) (60, 4, G30) 
124062.500000 (41, 3, G28) (77, 5, J26) 
102232.142857 (41, 3, G28) (47, 3, H26) 
111125.000000 (41, 3, G28) (79, 5, J29) 
106420.454545 (41, 3, G28) (80, 5, H29) 
99182.692308 (41, 3, G28) (82, 5, H27) 
96339.285714 (41, 3, G28) (83, 5, J27) 
94375.000000 (41, 3, G28) (85, 5, J28) 
92656.250000 (41, 3, G28) (87, 5, H28) 
84687.500000 (41, 3, G28) (70, 4, G27) 
88958.333333 (41, 3, G28) (89, 5, I27) 
84080.882353 (41, 3, G28) (73, 4, I26) 
132500.000000 (55, 4, J30) (60, 4, G30) 
129687.500000 (55, 4, J30) (77, 5, J26) 
107857.142857 (55, 4, J30) (47, 3, H26) 
116750.000000 (55, 4, J30) (79, 5, J29) 
112045.454545 (55, 4, J30) (80, 5, H29) 
104807.692308 (55, 4, J30) (82, 5, H27) 
101964.285714 (55, 4, J30) (83, 5, J27) 
100000.000000 (55, 4, J30) (85, 5, J28) 
98281.250000 (55, 4, J30) (87, 5, H28) 
90312.500000 (55, 4, J30) (70, 4, G27) 
94583.333333 (55, 4, J30) (89, 5, I27) 
89705.882353 (55, 4, J30) (73, 4, I26) 
122187.500000 (60, 4, G30) (77, 5, J26) 
100357.142857 (60, 4, G30) (47, 3, H26) 
109250.000000 (60, 4, G30) (79, 5, J29) 
104545.454545 (60, 4, G30) (80, 5, H29) 
97307.692308 (60, 4, G30) (82, 5, H27) 
94464.285714 (60, 4, G30) (83, 5, J27) 
92500.000000 (60, 4, G30) (85, 5, J28) 
90781.250000 (60, 4, G30) (87, 5, H28) 
82812.500000 (60, 4, G30) (70, 4, G27) 
87083.333333 (60, 4, G30) (89, 5, I27) 
82205.882353 (60, 4, G30) (73, 4, I26) 
97544.642857 (77, 5, J26) (47, 3, H26) 
106437.500000 (77, 5, J26) (79, 5, J29) 
101732.954545 (77, 5, J26) (80, 5, H29) 
94495.192308 (77, 5, J26) (82, 5, H27) 
91651.785714 (77, 5, J26) (83, 5, J27) 
89687.500000 (77, 5, J26) (85, 5, J28) 
87968.750000 (77, 5, J26) (87, 5, H28) 
80000.000000 (77, 5, J26) (70, 4, G27) 
84270.833333 (77, 5, J26) (89, 5, I27) 
79393.382353 (77, 5, J26) (73, 4, I26) 
84607.142857 (47, 3, H26) (79, 5, J29) 
79902.597403 (47, 3, H26) (80, 5, H29) 
72664.835165 (47, 3, H26) (82, 5, H27) 
69821.428571 (47, 3, H26) (83, 5, J27) 
67857.142857 (47, 3, H26) (85, 5, J28) 
66138.392857 (47, 3, H26) (87, 5, H28) 
58169.642857 (47, 3, H26) (70, 4, G27) 
62440.476190 (47, 3, H26) (89, 5, I27) 
57563.025210 (47, 3, H26) (73, 4, I26) 
88795.454545 (79, 5, J29) (80, 5, H29) 
81557.692308 (79, 5, J29) (82, 5, H27) 
78714.285714 (79, 5, J29) (83, 5, J27) 
76750.000000 (79, 5, J29) (85, 5, J28) 
75031.250000 (79, 5, J29) (87, 5, H28) 
67062.500000 (79, 5, J29) (70, 4, G27) 
71333.333333 (79, 5, J29) (89, 5, I27) 
66455.882353 (79, 5, J29) (73, 4, I26) 
76853.146853 (80, 5, H29) (82, 5, H27) 
74009.740260 (80, 5, H29) (83, 5, J27) 
72045.454545 (80, 5, H29) (85, 5, J28) 
70326.704545 (80, 5, H29) (87, 5, H28) 
62357.954545 (80, 5, H29) (70, 4, G27) 
66628.787879 (80, 5, H29) (89, 5, I27) 
61751.336898 (80, 5, H29) (73, 4, I26) 
66771.978022 (82, 5, H27) (83, 5, J27) 
64807.692308 (82, 5, H27) (85, 5, J28) 
63088.942308 (82, 5, H27) (87, 5, H28) 
55120.192308 (82, 5, H27) (70, 4, G27) 
59391.025641 (82, 5, H27) (89, 5, I27) 
54513.574661 (82, 5, H27) (73, 4, I26) 
61964.285714 (83, 5, J27) (85, 5, J28) 
60245.535714 (83, 5, J27) (87, 5, H28) 
52276.785714 (83, 5, J27) (70, 4, G27) 
56547.619048 (83, 5, J27) (89, 5, I27) 
51670.168067 (83, 5, J27) (73, 4, I26) 
58281.250000 (85, 5, J28) (87, 5, H28) 
50312.500000 (85, 5, J28) (70, 4, G27) 
54583.333333 (85, 5, J28) (89, 5, I27) 
49705.882353 (85, 5, J28) (73, 4, I26) 
48593.750000 (87, 5, H28) (70, 4, G27) 
52864.583333 (87, 5, H28) (89, 5, I27) 
47987.132353 (87, 5, H28) (73, 4, I26) 
44895.833333 (70, 4, G27) (89, 5, I27) 
40018.382353 (70, 4, G27) (73, 4, I26) 
44289.215686 (89, 5, I27) (73, 4, I26) 
Best: 187678.5714 Sol: (100, 8, I28) (90, 7, I29) (52, 4, K28) 